0,0,testLevel.png
BB,0,6440,45,550
BB,0,6440,500,125
BB,455,5925,366,828
BB,0,5516,876,525
BB,1112,5512,998,535
BB,2105,5925,960,348
BB,3027,5730,86,729
BB,2103,5730,995,36
BB,2103,5025,42,741
BB,2103,5025,1572,125
BB,3636,5022,46,1300
BB,3326,5728,350,604
BB,3672,5130,624,125
BB,4256,5132,42,952
BB,3912,6046,386,42
BB,3909,6046,35,243
BB,3909,6215,930,125
BB,4835,5712,42,615
BB,5235,5712,35,368
BB,5235,6030,1750,125
BB,6963,6026,36,973
BB,0,6963,7000,40
BB,1912,6619,55,370
BB,3298,6600,902,400
BB,0,4740,36,806
BB,0,4194,100,666
BB,62,4196,872,125
BB,902,4196,36,574
BB,534,4736,400,34
BB,340,4528,222,328
BB,396,4742,32,256
BB,396,4934,1544,125
BB,1902,4936,36,612
BB,4386,5336,551,496
BB,5174,5336,235,498
BB,5375,5802,895,35
BB,6230,4544,42,1294
BB,5010,4348,1260,316
BB,4824,4302,222,164
BB,4380,4304,208,162
BB,4382,4348,44,1020
BBP,4424,4796,120,300
BBP,4427,4727,139,333
BBP,4848,4905,748,190
BBP,4826,4728,620,334
BBP,5707,4908,77,183
BBP,5895,4905,334,185
BBP,6196,4737,33,168
BBP,5558,5305,531,497
BBP,2411,6664,227,142
BBP,2261,6793,529,180
BBP,2264,6273,525,155
D,880,5878,False
D,4944,5664,False
D,105,4683,False
D,4593,4294,True
SZ,844,6138,1044,800,3,3
SZ,1998,6380,238,564,1,0
SZ,2806,6366,202,586,1,0
SZ,3040,6564,224,374,1,0
SZ,2170,5236,1432,458,2,5
SZ,3712,5346,514,684,2,2
SZ,4260,6432,1058,506,1,1
SZ,5462,6250,1470,690,1,2
SZ,44,5124,1852,390,0,3
SZ,572,4386,318,348,1,0
SZ,5448,4659,750,240,1,1
SZ,5378,5334,205,471,0,1
SZ,6062,5336,199,468,1,0
SZ,4429,4517,573,206,0,2
SZ,4440,5160,410,200,0,1
SZ,102,4385,228,289,0,1